850 600 0
5.71594 -8.20537 145.139
5.3378 -8.45624 2.60028
8.38379 -5.45087 -24.7082
2.53911 -9.67227 42.2603
8.52209 -5.23201 -43.7437
9.99015 0.443762 -34.0906
8.43091 -5.37771 35.0754
-2.89864 -9.57068 74.3178
-0.724737 -9.9737 -12.6937
1.57485 -9.87521 -13.217
0.813533 -9.96685 4.3946
-1.56824 -9.87627 13.6889
-7.29353 -6.84138 37.8096
-7.79342 -6.26599 4.36818
-1.88131 -9.82144 -40.3566
-8.55149 -5.18382 47.9325
-9.21864 -3.87515 8.42381
-9.34654 -3.55559 1.97225
-8.08702 -5.88219 -15.203
-4.5854 -8.88674 -26.6763
-8.69023 -4.94772 33.0523
-9.1325 -4.074 5.6131
-7.38712 -6.74022 -18.3366
-3.18687 -9.4786 -29.0382
-3.24316 -9.45949 0.340575
-8.30837 -5.56516 37.2606
-7.81541 -6.23854 -4.78291
2.55267 -9.6687 -66.1913
7.17494 -6.96565 -31.0585
7.5697 -6.5345 -3.34985
7.62208 -6.47333 -0.461436
8.55388 5.17988 -71.5382
5.12145 -8.58899 90.3906
0.905183 -9.95895 25.6134
1.99121 -9.79975 -6.29213
4.19004 -9.07985 -13.2861
-4.57894 -8.89007 52.023
0.342596 -9.99413 -29.2146
-1.4935 -9.88784 10.5526
2.68684 -9.63228 -24.1752
-6.75831 -7.37056 58.1047
-5.48348 -8.3625 -9.26501
-2.2373 -9.74651 -20.3256
5.59755 -8.28658 -46.9671
1.04056 -9.94571 28.0661
-2.44666 -9.69607 20.1349
-4.61256 -8.87267 13.3061
2.62152 -9.65027 -42.666
-7.56433 -6.54072 64.3485
6.81648 -7.31681 -92.1232
5.38556 -8.4259 10.3871
3.58973 -9.33348 11.5483
-8.7469 -4.84683 82.0454
-3.76794 -9.26297 -38.8731
6.15444 -7.88181 -60.1194
-7.9992 -6.00106 91.1067
-9.88595 -1.50601 28.2158
-9.89605 1.43809 16.9301
-6.58363 -7.52701 -57.0932
-7.19706 -6.94279 4.8551
-6.61359 -7.50069 -4.62659
-6.03153 -7.97625 -4.30753
-9.99764 0.217103 54.1479
-2.84077 -9.58802 -74.7403
-9.92575 -1.21632 66.51
-8.9093 4.54141 33.996
-9.0963 -4.1542 -51.5555
-9.45366 -3.2601 5.51903
-9.7322 -2.29875 5.73706
-9.63281 -2.68494 -2.28499
-2.03208 -9.79136 -62.7007
-9.6959 -2.44736 64.1091
-9.9633 0.855909 19.0762
-9.0532 -4.24731 -30.0436
-8.96302 -4.43444 -1.19023
-9.40909 -3.3866 6.5286
-9.73562 -2.28424 6.59093
-9.70198 -2.42315 -0.818889
-9.9905 0.435693 16.5203
-9.88587 -1.50653 -11.1619
-9.95867 0.908227 13.8757
-9.6742 -2.53177 -19.8765
-5.99102 8.00672 67.86
-9.93427 -1.14466 -59.7672
-6.71566 -7.40945 -41.2391
-7.93483 6.08592 85.2997
-9.89839 -1.42196 -45.6627
-9.92721 -1.20439 1.25752
-9.44446 3.28666 26.1052
-8.83643 4.68161 8.72718
-6.43311 7.65605 22.0459
-8.90459 4.55063 -22.8919
-9.64865 2.62745 -11.836
-8.31344 -5.55759 -48.996
-9.99978 0.0666334 34.1448
-9.83614 -1.80286 -10.7682
-8.91014 4.53977 37.3855
-9.29274 3.69391 -5.32103
-4.51776 8.92131 41.4642
-8.47022 5.31557 -31.0316
-9.18543 3.95322 -8.82468
-5.15078 8.57143 35.7113
-9.61732 2.73993 -43.0953
-8.87776 4.60275 11.5028
-8.5663 5.15931 3.65485
-9.53602 3.0107 -13.5378
-9.97307 -0.733459 -21.7281
-9.70093 -2.42735 -9.84184
-5.27525 8.4954 72.2097
-6.06325 7.95217 -5.48589
-7.49822 6.6164 -11.2507
-0.28083 9.99606 46.9657
-8.01469 5.98036 -51.6614
-1.56377 9.87697 44.2739
-7.43178 6.69094 -39.0062
-6.53768 7.56695 7.17654
-8.97799 4.40405 -23.044
-1.47941 9.88996 55.3626
-9.90623 -1.36626 -89.345
-9.65125 -2.61788 -7.32351
-9.50329 3.11247 33.3106
-6.26565 7.79369 33.0685
-9.98571 0.534417 -48.1394
-8.5985 5.10546 27.6368
-3.01599 9.53435 41.7462
-6.05656 7.95727 -19.7224
-9.95376 0.960573 -47.2118
-9.90107 -1.40311 -13.578
-4.64046 8.85811 70.4174
-5.63549 8.26083 -6.65309
0.147628 9.99891 35.1475
-4.57891 8.89009 -28.0969
0.207676 9.99784 28.4411
-3.37063 9.41482 -20.888
-7.26903 6.8674 -26.9294
-0.151088 9.99886 45.7617
0.374044 9.993 3.00932
3.0133 9.5352 15.3939
0.865643 9.96246 -12.5715
-3.71638 9.28378 -26.7827
7.61138 6.4859 71.3813
-6.0129 7.99031 -86.527
5.5433 8.32297 70.6269
-4.7181 8.817 -61.8164
-1.76408 9.84317 17.9912
2.1079 9.77531 22.3293
-2.95467 9.55353 -29.3542
5.78051 8.16001 52.4991
-2.60046 9.65596 -50.3863
-0.677994 9.97699 11.1852
-1.05653 9.94403 -2.17719
-1.18713 9.92929 -0.753048
2.34833 9.72036 20.3996
1.94129 9.80976 -2.38794
8.93755 4.48556 52.1551
5.27205 8.49738 -31.5321
-1.02886 9.94693 -37.7222
-3.92923 9.19571 -17.2311
1.67025 9.85953 32.7514
-1.95275 9.80749 -20.8757
1.74904 9.84586 21.3339
-7.00646 7.13509 -54.552
-4.33087 9.01352 18.8153
1.45014 9.8943 34.0017
-5.72858 8.19655 -43.2878
6.36711 7.71102 74.4968
9.14014 4.05682 26.5191
4.26575 9.04452 -40.8158
2.2508 9.7434 -12.2428
9.90221 1.39506 68.9732
2.47011 9.69013 -67.6801
-6.47824 7.6179 -54.6784
-2.3594 9.71768 26.7307
1.36803 9.90598 21.5099
1.37 9.90571 0.0114208
-5.53452 8.32881 -41.4784
-3.52517 9.35806 12.9628
2.07252 9.78288 32.6027
7.70035 6.38002 38.3956
6.08639 7.93447 -12.8658
5.30667 8.47581 -5.44067
6.88897 7.24859 11.4923
-1.54806 9.87945 -52.4484
7.74355 6.32752 59.6521
-3.9602 9.18242 -74.0762
-5.59575 8.2878 -10.6968
-1.43377 9.89668 25.7831
-3.71257 9.2853 -13.5498
8.14116 5.80702 76.2932
9.9335 1.15137 28.8884
8.43268 5.37493 -25.9016
9.8137 1.92126 21.4362
4.58373 8.8876 -51.6409
9.05785 -4.23738 87.7887
8.80249 4.74512 -53.3984
8.50013 5.26761 -3.45929
0.932233 9.95645 -52.864
8.50503 5.25971 52.9173
5.8323 8.12307 -22.5884
6.27952 7.78252 3.22111
9.89937 1.41512 42.9655
8.88475 4.58925 -19.1824
9.42152 3.35186 7.73394
9.53284 3.02077 2.00145
1.76787 9.84249 -62.235
9.85782 1.68032 70.144
9.65235 2.61384 -5.47878
9.20588 3.90535 -7.8356
3.25421 9.45569 -48.0212
9.34702 -3.55432 91.8289
8.73428 4.86953 -49.9604
9.43462 3.31481 9.7818
9.96258 -0.86433 24.3171
9.64105 2.6552 -20.3563
9.32272 3.61759 -5.81044
8.54727 -5.19077 52.4787
8.23172 5.67792 -65.8668
9.38039 -3.4653 54.8716
8.59058 -5.11878 10.5138
9.92251 1.2425 -37.9265
9.66263 -2.57556 22.0626
9.97186 0.749708 -19.2247
9.81463 1.91652 -6.74966
5.58342 8.29611 -45.0096
9.78967 -2.04017 67.8308
9.93903 -1.10258 -5.44179
8.99657 -4.36597 19.5568
6.60604 7.50735 -74.541
9.90859 1.34898 40.9013
9.72281 2.33816 -5.76909
9.65201 2.61509 -1.63779
9.95282 -0.970273 20.7276
8.62542 -5.05986 24.8288
9.99485 0.320906 -32.2358
9.9027 -1.39162 9.8383
6.5748 -7.53472 40.8927
9.61592 2.74482 -64.8231
9.76668 2.14757 3.52986
9.23 3.848 -10.23
7.60279 6.49597 -17.8799
7.63215 6.46145 0.259627
4.32507 9.01631 -24.1217
9.99995 -0.0321463 64.5574
2.96781 9.54946 -72.9198
9.98896 0.469712 70.0434
9.8132 -1.92381 13.784
9.82509 -1.86213 -0.359889
8.55024 -5.18588 20.5057
9.99174 0.406477 -33.5672
9.41402 -3.37287 22.0412
9.99868 0.162404 -20.6422
9.11953 4.10294 -23.2927
9.9751 -0.705251 28.2674
9.18842 -3.94625 19.1984
3.90663 -9.20534 43.7617
0.394058 -9.99223 20.7374
5.01509 -8.65152 -27.8415
8.57252 -5.14897 -28.9096
9.26075 -3.77341 -8.8215
-1.42423 -9.89806 76.019
5.28805 -8.48743 -40.1128
7.73493 -6.33805 -18.7438
-1.63786 -9.86496 60.0953
-1.67409 -9.85888 0.210496
3.0081 -9.53684 -27.1435
-0.942383 -9.9555 22.9138
-8.37236 -5.46842 51.4419
-2.9783 -9.54619 -39.522
5.94098 -8.04393 -53.7757
3.50851 -9.36431 15.9089
-1.26889 -9.91917 27.8293
-3.39891 -9.40465 12.5804
2.06219 -9.78506 -31.7711
-7.57908 -6.52361 61.181
-6.01209 -7.99092 -12.3236
3.04791 -9.52419 -54.7022
3.0971 -9.50831 -0.296147
9.83666 -1.80006 -61.5882
5.62566 -1.68936 6.34468
