100 100 0
7.99445 6.00739 53.0771
8.30927 5.56382 3.11692
8.71765 4.89924 4.47038
7.61575 6.48077 -11.0612
9.81511 -1.91407 51.4317
7.77985 6.28283 -49.9585
9.79588 -2.01015 50.5199
9.80483 -1.96604 -0.257898
9.86968 1.60916 -20.5985
8.10421 5.85848 -26.6029
9.8819 -1.53231 44.6772
2.90986 9.56727 -81.8972
9.8118 -1.93095 84.2164
6.20404 7.84282 -62.7878
-2.28347 9.7358 -51.5454
-2.96537 9.55021 -4.04994
-0.521137 9.98641 14.2625
-1.20325 9.92735 -3.92362
-1.28193 9.91749 -0.454314
-0.52233 9.98635 4.37109
0.725701 9.97363 7.15571
5.76274 8.17257 31.0273
-3.87737 9.2177 -58.0026
-3.62359 9.32039 1.56865
7.13812 7.00338 66.791
9.41239 3.37742 24.7148
9.91832 1.2755 12.4113
8.06842 5.90767 -28.8835
7.11613 7.02572 -8.42224
9.84592 1.74868 34.5628
9.54509 2.98181 -7.2774
9.73031 -2.30673 30.6851
5.07287 8.61777 -72.8535
9.74917 -2.22567 72.3766
8.40303 -5.42118 19.9681
7.42025 -6.70373 9.26793
7.22903 -6.90949 1.60947
0.131933 -9.99913 45.5388
-3.57605 -9.33873 21.7091
9.20181 -3.91493 -87.9058
9.8745 1.5793 -32.1342
8.03931 -5.94722 45.5796
9.98266 0.588701 -39.8678
4.32232 9.01762 -61.0157
5.18591 8.55023 5.62846
5.47324 8.3692 1.94589
7.15595 6.98516 12.5083
8.00927 5.98763 7.52672
8.89417 4.57097 9.58139
9.89066 1.47472 18.7195
8.51857 5.23775 -23.1053
8.56129 5.16762 0.470501
9.61294 -2.75526 47.1087
7.53536 6.57407 -57.0958
9.54165 -2.9928 58.5168
9.79437 -2.0175 -5.77508
8.78437 4.77859 -40.185
8.80224 -4.74559 56.8763
9.78082 -2.08222 -16.3125
8.68061 4.96458 -41.7841
8.4142 -5.40382 62.4756
6.3783 -7.70177 17.6602
9.24612 -3.80911 -27.9797
3.3793 -9.41171 47.8591
1.00285 -9.94959 13.9952
6.78549 -7.34556 -36.9747
9.75361 -2.20615 -34.5245
0.92709 -9.95693 71.9354
5.94502 -8.04094 -31.1577
9.96051 -0.887825 -48.4293
9.9984 0.178936 -6.11885
6.40207 -7.68203 51.218
9.71778 -2.35897 -36.5483
8.79703 4.75524 -42.0379
9.95509 0.946627 22.9615
9.97606 -0.691587 9.39757
5.28728 -8.48792 54.1148
8.45147 5.34534 -90.3928
9.96294 0.860177 27.3778
6.9505 7.18961 -41.0342
5.17231 8.55846 -12.8846
9.89931 1.41553 50.7156
9.87895 1.55127 -0.786413
9.99731 0.232065 7.5944
0.147399 9.99891 -87.8257
5.70823 8.21073 33.963
5.48114 8.36404 -1.56988
9.89291 1.45957 48.3696
6.95743 7.18291 -37.5209
3.208 9.47147 -25.3752
-0.712763 9.97457 -22.7986
3.93991 9.19114 27.2904
3.80934 9.24602 -0.811509
3.69522 9.29222 -0.705428
5.15032 8.57171 9.3135
9.84124 1.77482 48.7772
2.10198 9.77659 -67.6429
4.61815 8.86976 15.3704
8.38626 5.44708 29.491
-5.04903 8.63176 -87.3202
2.33392 9.72383 43.8218
-6.85605 7.27973 -56.7801
-5.67088 8.23657 8.73584
3.95101 9.18638 57.8197
0.279759 9.99609 -21.6692
6.74844 7.3796 40.839
2.04272 9.78914 -30.6552
3.3465 9.42342 7.76441
3.12787 9.49823 -1.32402
-0.0811512 9.99967 -18.6922
0.624463 9.98048 4.04521
-3.91639 9.20119 -26.6368
2.36691 9.71585 36.7478
-4.34481 9.00681 -39.4436
0.215415 9.99768 26.9866
-4.27701 9.0392 -26.5561
-6.97659 5.01341 -28.9771
