100 100 107.994 106.007
107.994 106.007 116.304 111.571
116.304 111.571 125.021 116.47
125.021 116.47 132.637 122.951
132.637 122.951 129.403 132.414
132.637 122.951 142.452 121.037
142.452 121.037 150.232 127.32
150.232 127.32 160.028 125.31
160.028 125.31 169.833 123.344
169.833 123.344 179.702 124.953
179.702 124.953 187.807 130.811
187.807 130.811 197.689 129.279
197.689 129.279 200.598 138.846
100 100 90.0131 100.512
200.598 138.846 210.41 136.915
100 100 97.2528 90.3848
210.41 136.915 216.614 144.758
216.614 144.758 214.331 154.494
97.2528 90.3848 105.062 84.139
129.403 132.414 126.046 141.834
214.331 154.494 211.365 164.044
211.365 164.044 210.844 174.031
126.046 141.834 119.97 149.776
119.97 149.776 117.865 159.552
210.844 174.031 209.641 183.958
209.641 183.958 208.359 193.876
208.359 193.876 207.837 203.862
207.837 203.862 208.562 213.836
97.2528 90.3848 90.3421 83.1569
208.562 213.836 214.325 222.008
90.0131 100.512 82.1354 106.672
214.325 222.008 210.448 231.226
210.448 231.226 206.824 240.546
179.702 124.953 182.778 115.438
105.062 84.139 112.052 76.9876
206.824 240.546 213.962 247.55
213.962 247.55 223.375 250.927
223.375 250.927 233.293 252.202
210.41 136.915 217.315 129.681
233.293 252.202 241.362 258.11
241.362 258.11 248.478 265.136
248.478 265.136 258.324 266.885
258.324 266.885 267.869 269.866
248.478 265.136 244.467 274.296
267.869 269.866 277.599 267.56
208.562 213.836 198.643 215.099
277.599 267.56 282.672 276.177
282.672 276.177 292.421 273.952
292.421 273.952 300.824 268.531
300.824 268.531 308.244 261.827
308.244 261.827 315.473 254.917
187.807 130.811 182.966 139.562
244.467 274.296 243.883 284.279
206.824 240.546 198.807 246.523
243.883 284.279 242.585 294.195
308.244 261.827 314.919 269.273
198.807 246.523 191.439 253.284
242.585 294.195 236.705 302.284
236.705 302.284 231.531 310.841
231.531 310.841 224.645 318.092
191.439 253.284 182.309 257.364
90.3421 83.1569 81.4669 78.5492
182.309 257.364 173.739 262.517
82.1354 106.672 73.7455 112.113
209.641 183.958 199.825 182.049
282.672 276.177 286.3 285.496
286.3 285.496 287.726 295.394
287.726 295.394 294.523 302.729
224.645 318.092 222.782 327.917
222.782 327.917 216.316 335.546
216.316 335.546 216.405 345.546
294.523 302.729 299.339 311.493
299.339 311.493 300.569 321.417
300.569 321.417 308.459 327.561
308.459 327.561 314.044 335.855
117.865 159.552 107.865 159.659
73.7455 112.113 67.9056 120.231
107.865 159.659 102.629 168.179
216.405 345.546 219.309 355.115
219.309 355.115 216.304 364.652
112.052 76.9876 117.763 68.7785
216.304 364.652 220.498 373.731
169.833 123.344 165.976 114.118
67.9056 120.231 59.8384 114.322
314.044 335.855 305.97 341.755
305.97 341.755 311.769 349.902
220.498 373.731 222.104 383.601
216.304 364.652 206.311 365.033
222.104 383.601 227.438 392.059
142.452 121.037 145.18 111.416
227.438 392.059 226.523 402.017
206.311 365.033 197.939 370.502
224.645 318.092 218.232 310.42
305.97 341.755 295.975 341.426
311.769 349.902 314.619 359.487
226.523 402.017 236.019 405.152
197.689 129.279 202.023 120.267
117.865 159.552 126.824 163.995
236.019 405.152 241.31 413.637
102.629 168.179 93.4279 172.094
197.939 370.502 192.172 378.671
117.763 68.7785 122.894 60.1953
202.023 120.267 205.159 110.772
192.172 378.671 183.36 383.399
218.232 310.42 208.271 311.299
183.36 383.399 173.754 386.18
241.31 413.637 243.273 423.443
173.754 386.18 164.053 383.755
173.754 386.18 171.2 395.848
173.739 262.517 164.099 265.177
81.4669 78.5492 80.575 68.589
219.309 355.115 229.299 355.564
93.4279 172.094 88.424 180.752
277.599 267.56 275.912 257.703
171.2 395.848 162.376 400.553
162.376 400.553 153.077 404.232
243.273 423.443 244.407 433.378
244.407 433.378 248.326 442.578
248.326 442.578 257.144 447.295
153.077 404.232 143.682 400.806
257.144 447.295 261.773 456.159
205.159 110.772 213.723 105.608
122.894 60.1953 130.179 53.3443
130.179 53.3443 139.977 55.3432
139.977 55.3432 148.176 49.6182
315.473 254.917 315.605 244.918
88.424 180.752 85.8226 190.408
126.046 141.834 136.046 141.945
143.682 400.806 133.846 399.003
267.869 269.866 266.386 279.756
182.966 139.562 174.407 144.733
198.807 246.523 192.053 239.149
133.846 399.003 125.126 394.109
213.723 105.608 207.562 97.7316
125.126 394.109 119.105 386.124
125.126 394.109 119.846 402.601
261.773 456.159 264.597 465.752
119.846 402.601 121.188 412.511
121.188 412.511 123.184 422.31
208.271 311.299 198.303 312.096
123.184 422.31 114.35 426.995
315.605 244.918 312.029 235.579
148.176 49.6182 152.516 40.6092
198.303 312.096 190.242 306.178
207.562 97.7316 215.709 91.9326
264.597 465.752 274.158 468.685
312.029 235.579 321.231 231.665
114.35 426.995 104.505 428.748
164.053 383.755 162.904 373.821
321.231 231.665 331.106 233.244
85.8226 190.408 78.1813 196.859
331.106 233.244 339.145 227.297
339.145 227.297 349.127 227.885
349.127 227.885 355.17 219.917
355.17 219.917 364.872 222.338
364.872 222.338 374.706 220.519
374.706 220.519 383.151 225.873
104.505 428.748 101.55 438.301
192.172 378.671 194.108 388.482
274.158 468.685 283.232 472.887
119.105 386.124 116.733 376.41
264.597 465.752 261.665 475.312
374.706 220.519 378.35 211.206
321.231 231.665 319.714 221.78
349.127 227.885 353.45 236.903
80.575 68.589 70.9335 65.9355
383.151 225.873 391.211 231.792
116.733 376.41 108.902 370.191
243.883 284.279 253.596 286.656
319.714 221.78 319.94 211.783
101.55 438.301 92.3452 434.393
283.232 472.887 290.004 480.245
290.004 480.245 299.784 482.331
92.3452 434.393 83.1206 438.254
223.375 250.927 218.518 259.668
83.1206 438.254 79.3346 447.509
70.9335 65.9355 61.6916 69.7549
78.1813 196.859 73.1642 205.509
261.665 475.312 254.499 482.287
378.35 211.206 385.875 204.621
299.784 482.331 309.674 480.854
79.3346 447.509 82.1147 457.115
70.9335 65.9355 71.1057 55.937
312.029 235.579 303.388 230.546
82.1147 457.115 87.3254 465.65
385.875 204.621 392.218 196.89
254.499 482.287 245.825 487.264
73.1642 205.509 64.4089 200.677
198.303 312.096 190.737 318.635
152.516 40.6092 160.377 46.791
67.9056 120.231 62.856 128.862
62.856 128.862 69.9302 135.93
153.077 404.232 154.775 414.087
162.904 373.821 163.642 363.849
261.773 456.159 252.322 459.429
101.55 438.301 109.458 444.422
73.1642 205.509 70.6031 215.175
245.825 487.264 235.917 488.613
126.824 163.995 123.404 173.392
108.902 370.191 111.821 360.626
287.726 295.394 278.537 299.34
59.8384 114.322 49.8459 113.934
235.917 488.613 226.459 491.861
309.674 480.854 311.439 490.697
182.966 139.562 189.837 146.828
123.404 173.392 115.543 179.573
70.6031 215.175 61.2288 218.657
164.099 265.177 154.111 265.655
150.232 127.32 152.085 137.147
87.3254 465.65 85.1969 475.421
226.459 491.861 217.448 496.198
319.94 211.783 319.706 201.786
311.439 490.697 313.199 500.541
154.111 265.655 146.418 272.044
111.821 360.626 111.381 350.636
49.8459 113.934 43.1692 106.489
248.326 442.578 239.977 448.082
217.448 496.198 207.477 496.964
392.218 196.89 392.205 186.89
61.2288 218.657 51.7036 221.702
275.912 257.703 273.166 248.087
111.381 350.636 101.564 348.732
236.019 405.152 244.852 400.465
190.737 318.635 185.894 327.384
101.564 348.732 91.6333 347.553
236.705 302.284 245.146 307.646
254.499 482.287 257.253 491.901
207.477 496.964 197.494 496.38
51.7036 221.702 42.8787 226.405
215.709 91.9326 213.964 82.086
353.45 236.903 358.636 245.453
85.1969 475.421 91.0704 483.515
71.1057 55.937 80.2275 51.8393
309.674 480.854 312.441 471.245
319.706 201.786 329.522 199.873
69.9302 135.93 77.9883 130.009
197.494 496.38 187.772 494.039
165.976 114.118 167.258 104.2
207.477 496.964 205.683 506.802
91.0704 483.515 86.289 492.297
207.562 97.7316 201.177 90.0352
70.6031 215.175 80.2811 217.692
185.894 327.384 190.584 336.216
43.1692 106.489 47.4791 97.4657
257.253 491.901 257.711 501.89
83.1206 438.254 77.6693 429.87
91.6333 347.553 81.8971 345.271
290.004 480.245 288.816 490.175
239.977 448.082 234.271 456.294
187.772 494.039 178.525 497.846
116.304 111.571 122.674 103.863
80.2275 51.8393 77.5338 42.2089
163.642 363.849 172.059 358.451
244.852 400.465 254.303 397.196
77.6693 429.87 68.8003 425.251
254.303 397.196 261.357 404.284
392.205 186.89 385.223 179.732
81.8971 345.271 75.4449 337.631
234.271 456.294 224.553 458.652
146.418 272.044 143.704 281.669
75.4449 337.631 66.0187 340.97
295.975 341.426 287.48 346.702
198.643 215.099 188.654 215.578
86.289 492.297 79.1636 499.314
77.5338 42.2089 69.1903 36.6965
178.525 497.846 176.444 507.627
42.8787 226.405 45.4282 236.075
109.458 444.422 118.609 448.455
385.223 179.732 391.675 172.092
64.4089 200.677 56.2644 194.875
101.55 438.301 97.7949 447.57
167.258 104.2 165.666 94.3278
173.739 262.517 169.86 253.3
143.704 281.669 133.705 281.729
329.522 199.873 332.736 190.403
257.711 501.89 251.148 509.435
91.0704 483.515 100.675 480.731
190.242 306.178 188.278 296.373
254.303 397.196 260.866 389.651
79.1636 499.314 71.4991 505.737
332.736 190.403 341.6 185.775
233.293 252.202 239.482 244.348
299.339 311.493 309.149 309.553
261.357 404.284 271.329 405.04
71.4991 505.737 74.9541 515.121
251.148 509.435 250.938 519.433
66.0187 340.97 63.1161 350.54
122.894 60.1953 114.983 54.079
391.675 172.092 390.338 162.181
271.329 405.04 268.841 414.725
69.9302 135.93 63.4184 143.52
313.199 500.541 313.549 510.535
100.675 480.731 110.577 482.129
288.816 490.175 284.86 499.359
56.2644 194.875 49.2991 187.7
205.683 506.802 204.408 516.72
146.418 272.044 140.619 263.896
133.705 281.729 123.793 280.4
123.793 280.4 114.738 276.157
101.564 348.732 104.684 339.231
204.408 516.72 205.47 526.664
319.706 201.786 309.758 202.8
71.4991 505.737 61.5066 506.125
313.549 510.535 311.988 520.413
63.1161 350.54 53.9317 346.584
53.9317 346.584 46.199 340.243
68.8003 425.251 59.7054 421.094
390.338 162.181 384.691 153.929
104.505 428.748 102.193 419.019
314.619 359.487 305.012 362.263
384.691 153.929 389.122 144.964
108.902 370.191 102.749 378.073
358.636 245.453 364.109 253.822
130.179 53.3443 130.652 43.3555
169.86 253.3 164.643 244.769
384.691 153.929 376.23 148.597
239.977 448.082 230.902 443.881
46.199 340.243 44.6607 330.362
111.821 360.626 121.514 358.167
123.184 422.31 131.689 427.57
192.053 239.149 183.57 233.853
164.643 244.769 158.117 237.192
376.23 148.597 367.666 153.76
364.109 253.822 371.265 260.808
74.9541 515.121 69.524 523.518
205.47 526.664 198.238 533.571
69.524 523.518 78.3405 528.237
115.543 179.573 116.074 189.559
332.736 190.403 327.856 181.675
78.3405 528.237 85.7063 535.001
230.902 443.881 220.911 443.46
303.388 230.546 294.419 226.124
371.265 260.808 379.274 266.795
379.274 266.795 388.168 271.366
59.7054 421.094 52.7976 428.324
102.193 419.019 97.5911 410.14
309.758 202.8 301.316 197.44
388.168 271.366 398.059 272.841
268.841 414.725 277.97 418.807
110.577 482.129 120.092 485.207
273.166 248.087 282.848 245.588
364.109 253.822 370.776 246.369
398.059 272.841 406.578 278.079
406.578 278.079 415.139 283.246
415.139 283.246 424.752 280.491
424.752 280.491 432.287 287.065
158.117 237.192 154.029 228.066
432.287 287.065 441.829 284.072
389.122 144.964 390.196 135.022
59.7054 421.094 54.5458 412.527
441.829 284.072 451.623 282.055
451.623 282.055 460.408 286.833
460.408 286.833 469.21 282.088
469.21 282.088 478.991 280.005
160.377 46.791 170.026 44.1677
478.991 280.005 487.671 284.97
90.0131 100.512 81.752 94.8771
487.671 284.97 496.085 279.566
487.671 284.97 491.874 294.044
491.874 294.044 498.582 301.46
496.085 279.566 502.464 271.864
502.464 271.864 511.71 268.055
498.582 301.46 506.669 307.343
511.71 268.055 515.089 258.644
126.824 163.995 136.675 162.277
45.4282 236.075 44.85 246.058
125.126 394.109 130.15 385.462
61.5066 506.125 55.4325 498.181
390.196 135.022 389.449 125.05
506.669 307.343 516.47 309.329
516.47 309.329 521.544 317.946
515.089 258.644 516.092 248.694
516.092 248.694 522.877 241.348
163.642 363.849 154.878 359.032
154.029 228.066 145.186 232.734
176.444 507.627 171.716 516.438
522.877 241.348 532.631 239.142
80.2811 217.692 90.094 215.767
389.449 125.05 379.776 122.514
532.631 239.142 533.558 229.185
152.516 40.6092 144.049 35.288
415.139 283.246 414.423 293.221
532.631 239.142 542.11 242.327
533.558 229.185 539.503 221.144
539.503 221.144 549.464 220.257
549.464 220.257 559.462 220.436
521.544 317.946 531.291 320.181
312.441 471.245 307.597 462.497
559.462 220.436 565.864 212.754
424.752 280.491 431.408 273.028
414.423 293.221 408.413 301.213
531.291 320.181 537.587 327.95
537.587 327.95 538.357 337.92
236.705 302.284 229.545 295.304
171.716 516.438 164.07 522.883
538.357 337.92 542.927 346.815
565.864 212.754 575.582 210.395
79.3346 447.509 69.8928 450.804
44.85 246.058 51.7685 253.279
226.523 402.017 221.127 410.437
62.856 128.862 53.4144 132.157
431.408 273.028 424.592 265.71
575.582 210.395 584.379 215.15
250.938 519.433 250.146 529.402
43.1692 106.489 35.3534 112.727
408.413 301.213 415.1 308.649
49.2991 187.7 43.1421 179.82
42.8787 226.405 32.8969 225.803
542.927 346.815 547.262 355.826
547.262 355.826 553.67 363.503
415.1 308.649 418.34 318.109
327.856 181.675 317.919 180.554
379.776 122.514 374.196 114.216
198.238 533.571 198.988 543.542
553.67 363.503 560.334 370.959
560.334 370.959 564.34 380.122
564.34 380.122 562.782 389.999
562.782 389.999 567.603 398.761
565.864 212.754 561.7 203.662
567.603 398.761 577.495 400.225
577.495 400.225 584.231 407.616
69.1903 36.6965 59.503 34.2154
47.4791 97.4657 43.0921 88.4793
584.379 215.15 594.334 216.096
144.049 35.288 147.08 25.7584
539.503 221.144 539.171 211.15
80.2811 217.692 84.2263 226.881
594.334 216.096 604.31 215.405
521.544 317.946 516.37 326.503
136.675 162.277 141.711 170.917
567.603 398.761 559.644 404.816
561.7 203.662 560.143 193.784
32.8969 225.803 32.3937 215.816
408.413 301.213 398.69 303.549
604.31 215.405 609.597 206.917
261.773 456.159 271.173 452.75
609.597 206.917 618.049 212.262
283.232 472.887 277.777 481.269
618.049 212.262 628.012 213.122
460.408 286.833 463.522 296.336
584.231 407.616 594.21 406.961
307.597 462.497 302.849 453.696
609.597 206.917 611.395 197.08
374.196 114.216 364.3 112.773
190.584 336.216 198.698 342.062
116.074 189.559 125.601 192.597
364.3 112.773 363.907 102.78
61.5066 506.125 52.9287 511.265
594.21 406.961 601.252 414.061
601.252 414.061 595.969 422.551
601.252 414.061 611.16 415.415
363.907 102.78 357.286 95.2857
154.029 228.066 156.288 218.324
604.31 215.405 605.59 225.323
145.186 232.734 140.687 241.665
611.395 197.08 611.124 187.084
398.69 303.549 394.482 312.621
537.587 327.95 545.878 322.359
199.825 182.049 190.443 178.589
595.969 422.551 588.781 429.505
394.482 312.621 393.64 322.585
545.878 322.359 551.403 314.023
588.781 429.505 588.047 439.478
418.34 318.109 417.92 328.1
588.047 439.478 594.769 446.882
611.16 415.415 621.131 414.664
611.124 187.084 618.994 180.914
227.438 392.059 235.309 385.892
559.644 404.816 551.772 410.982
594.769 446.882 587.633 453.888
187.772 494.039 187.005 484.068
628.012 213.122 634.962 220.312
53.9317 346.584 46.6536 353.442
463.522 296.336 461.454 306.12
52.9287 511.265 42.9639 510.427
560.143 193.784 563.888 184.512
185.894 327.384 176.072 329.264
461.454 306.12 451.477 305.441
564.34 380.122 574.324 379.552
194.108 388.482 204.1 388.077
69.9302 135.93 77.6088 142.336
393.64 322.585 386.151 329.212
618.994 180.914 627.696 175.988
587.633 453.888 590.255 463.538
187.005 484.068 177.005 484.023
634.962 220.312 640.135 228.871
640.135 228.871 650.034 230.286
44.6607 330.362 35.4185 326.544
311.988 520.413 311.992 530.413
386.151 329.212 389.063 338.779
164.643 244.769 171.519 237.508
650.034 230.286 659.913 231.837
659.913 231.837 669.91 232.069
627.696 175.988 628.229 166.002
590.255 463.538 599.341 467.714
628.229 166.002 628.805 156.018
283.232 472.887 284.495 462.967
628.805 156.018 627.838 146.065
311.992 530.413 307.416 539.305
55.4325 498.181 47.0985 492.655
516.092 248.694 506.331 246.522
627.838 146.065 637.722 147.579
669.91 232.069 670.058 242.068
621.131 414.664 624.123 405.122
551.772 410.982 542.177 408.164
143.704 281.669 150.349 289.142
218.518 259.668 222.498 268.842
624.123 405.122 621.291 395.532
367.666 153.76 362.358 162.235
176.072 329.264 166.088 329.826
551.403 314.023 560.272 309.403
317.919 180.554 315.089 170.963
357.286 95.2857 348.359 90.78
621.131 414.664 622.701 424.54
506.331 246.522 500.069 238.725
154.775 414.087 163.378 419.185
539.171 211.15 531.75 204.448
500.069 238.725 498.441 228.858
637.722 147.579 641.758 138.43
670.058 242.068 675.766 250.279
357.286 95.2857 362.361 86.669
641.758 138.43 648.771 131.301
560.272 309.403 570.189 310.686
277.97 418.807 287.942 419.561
44.6607 330.362 44.0244 320.383
627.838 146.065 622.18 137.82
542.177 408.164 534.716 414.823
431.408 273.028 438.358 265.838
563.888 184.512 558.468 176.108
194.108 388.482 192.61 398.369
85.7063 535.001 95.6349 533.808
112.052 76.9876 121.463 80.3695
84.2263 226.881 76.2142 232.865
553.67 363.503 562.057 358.056
500.069 238.725 490.297 240.849
533.558 229.185 524.587 224.767
534.716 414.823 539.855 423.401
675.766 250.279 681.247 258.643
648.771 131.301 656.366 124.795
534.716 414.823 526.883 408.606
669.91 232.069 677.33 225.365
599.341 467.714 598.773 477.698
68.8003 425.251 73.9754 416.694
598.773 477.698 601.428 487.339
558.468 176.108 551.062 169.388
618.994 180.914 625.151 188.794
677.33 225.365 686.271 220.888
539.855 423.401 535.64 432.47
601.428 487.339 609.58 493.13
226.459 491.861 224.927 481.979
385.223 179.732 375.391 181.556
622.18 137.82 618.552 128.501
44.85 246.058 35.0415 248.006
188.278 296.373 178.381 297.801
574.324 379.552 579.117 370.775
43.0921 88.4793 33.7253 91.9811
656.366 124.795 658.402 115.005
658.402 115.005 668.394 115.411
182.309 257.364 187.167 266.104
389.063 338.779 398.566 341.892
551.062 169.388 546.773 160.354
668.394 115.411 677.655 111.641
546.773 160.354 544.755 150.56
305.012 362.263 300.859 371.359
43.1421 179.82 34.6495 174.54
46.6536 353.442 50.7112 362.582
618.552 128.501 617.378 118.57
362.361 86.669 359.763 77.0122
114.738 276.157 105.242 279.29
544.755 150.56 544.219 140.575
547.262 355.826 537.479 357.898
177.005 484.023 171.01 476.019
44.0244 320.383 52.6751 315.366
575.582 210.395 582.016 202.74
52.7976 428.324 42.8245 429.057
601.428 487.339 592.595 492.027
640.135 228.871 631.431 233.795
535.64 432.47 525.675 431.64
42.8245 429.057 33.1819 431.707
362.358 162.235 354.318 156.289
42.9639 510.427 33.2586 508.017
33.2586 508.017 31.0282 517.765
140.687 241.665 130.689 241.827
609.58 493.13 619.579 493.257
619.579 493.257 628.013 498.631
592.595 492.027 592.788 502.025
389.063 338.779 380.285 343.569
63.4184 143.52 58.8589 152.42
570.189 310.686 579.94 308.468
359.763 77.0122 355.681 67.8835
656.366 124.795 664.37 130.789
617.378 118.57 618.359 108.618
618.359 108.618 618.66 98.6229
618.66 98.6229 611.55 91.5905
213.964 82.086 220.546 74.5576
315.089 170.963 309.774 162.492
355.681 67.8835 350.42 59.3791
631.431 233.795 630.701 243.768
544.219 140.575 554.035 138.664
355.681 67.8835 364.368 62.9304
461.454 306.12 471.433 306.768
611.55 91.5905 603.617 85.5019
562.057 358.056 561.472 348.073
595.969 422.551 601.39 430.954
516.37 326.503 510.321 334.466
253.596 286.656 261.478 292.811
677.655 111.641 687.345 109.17
350.42 59.3791 342.191 53.6983
544.219 140.575 535.129 136.406
59.503 34.2154 52.3026 27.2761
69.524 523.518 65.1941 532.532
681.247 258.643 681.201 268.643
588.781 429.505 580.456 423.965
535.129 136.406 526.32 131.674
300.824 268.531 295.002 260.4
364.109 253.822 357.32 261.165
681.247 258.643 691.14 260.103
177.005 484.023 167.882 488.117
603.617 85.5019 595.727 91.6461
166.088 329.826 159.248 322.531
164.07 522.883 155.209 527.519
173.739 262.517 176.267 272.193
511.71 268.055 520.905 271.985
687.345 109.17 689.508 99.4066
628.229 166.002 638.216 165.496
171.01 476.019 163.489 469.429
121.514 358.167 123.903 348.457
689.508 99.4066 690.559 89.462
579.94 308.468 588.018 314.364
163.378 419.185 164.398 429.133
618.994 180.914 611.707 174.065
691.14 260.103 698.097 267.286
526.32 131.674 522.5 122.432
174.407 144.733 171.251 154.222
47.4791 97.4657 56.1996 92.5716
525.675 431.64 515.862 433.567
123.903 348.457 133.047 344.408
398.566 341.892 404.189 350.161
592.788 502.025 585.031 508.337
687.345 109.17 695.97 114.231
658.402 115.005 658.601 105.007
309.774 162.492 307.142 152.845
595.727 91.6461 588.286 84.9654
155.209 527.519 154.509 537.495
570.189 310.686 570.06 300.687
300.859 371.359 298.567 381.093
198.988 543.542 192.948 551.512
122.674 103.863 132.04 100.359
698.097 267.286 701.305 276.757
172.059 358.451 172.757 348.475
522.5 122.432 515.25 115.544
585.031 508.337 588.135 517.843
588.135 517.843 578.702 521.162
490.297 240.849 480.38 239.566
52.6751 315.366 56.9781 306.339
618.66 98.6229 628.657 98.8686
141.711 170.917 145.227 180.278
690.559 89.462 697.779 82.5431
35.4185 326.544 28.7566 319.086
33.7253 91.9811 30.1105 82.6574
65.1941 532.532 65.9617 542.503
307.142 152.845 297.154 153.344
294.419 226.124 285.953 220.801
697.779 82.5431 705.239 75.8837
342.191 53.6983 346.49 44.6698
585.031 508.337 576.012 504.018
307.416 539.305 297.638 537.209
695.97 114.231 705.363 117.662
515.25 115.544 513.578 105.685
588.135 517.843 594.683 525.401
34.6495 174.54 30.3776 165.499
588.047 439.478 578.977 443.689
588.286 84.9654 584.391 75.7553
438.358 265.838 446.922 260.676
513.578 105.685 512.539 95.7391
611.707 174.065 613.928 164.315
342.191 53.6983 332.408 51.6247
617.378 118.57 607.595 120.641
584.391 75.7553 589.514 67.1672
705.239 75.8837 714.229 80.2641
56.9781 306.339 62.9848 298.344
348.359 90.78 339.761 95.8867
298.567 381.093 308.431 382.738
170.026 44.1677 179.139 48.2853
515.25 115.544 505.276 116.259
446.922 260.676 453.845 253.459
114.983 54.079 110.273 45.2575
287.942 419.561 292.559 410.69
628.657 98.8686 631.923 89.4171
102.749 378.073 92.7764 378.82
309.774 162.492 302.903 169.758
664.37 130.789 670.321 138.826
404.189 350.161 408.101 359.364
594.683 525.401 603.173 530.684
133.047 344.408 143.04 344.036
33.1819 431.707 32.2254 421.753
584.391 75.7553 575.136 71.9673
575.136 71.9673 569.614 63.6304
551.062 169.388 541.738 173.002
287.48 346.702 282.151 338.24
224.927 481.979 218.618 474.22
120.092 485.207 115.556 494.119
578.977 443.689 572.47 451.282
332.408 51.6247 323.426 56.0215
714.229 80.2641 722.937 85.1794
154.509 537.495 145.297 541.385
697.779 82.5431 702.507 91.3546
686.271 220.888 692.52 213.08
705.239 75.8837 708.955 66.5996
701.305 276.757 700.592 286.732
515.862 433.567 513.778 443.347
95.6349 533.808 101.773 541.702
570.06 300.687 577.971 294.569
101.773 541.702 104.556 551.307
282.151 338.24 273.951 343.963
700.592 286.732 704.532 295.923
722.937 85.1794 730.933 91.1851
692.52 213.08 702.512 213.489
531.291 320.181 538.149 312.903
704.532 295.923 708.342 305.169
505.276 116.259 498.412 123.532
339.761 95.8867 334.887 104.619
145.227 180.278 154.592 176.773
588.018 314.364 594.092 306.42
188.654 215.578 181.475 222.539
346.49 44.6698 339.216 37.8076
408.101 359.364 405.753 369.084
62.9848 298.344 54.3253 293.343
569.614 63.6304 572.754 54.1363
695.97 114.231 701.88 106.164
708.955 66.5996 715.969 59.4717
222.782 327.917 232.781 327.972
125.601 192.597 131.659 200.553
208.271 311.299 207.538 301.326
130.689 241.827 125.61 233.213
334.887 104.619 325.935 109.074
702.512 213.489 709.082 221.028
708.342 305.169 712.037 314.461
692.52 213.08 690.693 203.249
179.139 48.2853 188.497 51.8106
65.9617 542.503 60.5887 550.937
35.0415 248.006 27.2061 254.219
531.75 204.448 523.736 198.466
453.845 253.459 456.406 243.793
471.433 306.768 479.41 312.798
213.964 82.086 208.282 73.857
704.532 295.923 714.05 292.854
88.424 180.752 80.5579 174.578
512.539 95.7391 504.627 89.6238
250.146 529.402 240.232 528.09
307.142 152.845 316.443 149.171
323.426 56.0215 319.009 47.0499
603.173 530.684 604.988 540.518
698.097 267.286 705.959 261.106
588.018 314.364 596.511 319.643
479.41 312.798 476.246 322.285
592.595 492.027 583.574 487.71
220.911 443.46 211.38 446.485
250.146 529.402 258.705 534.572
115.556 494.119 118.135 503.78
690.693 203.249 695.748 194.62
205.47 526.664 214.914 523.378
192.948 551.512 186.526 559.178
712.037 314.461 717.187 323.033
695.748 194.62 704.923 190.642
125.61 233.213 128.561 223.658
670.321 138.826 675.357 147.465
50.7112 362.582 43.5694 369.581
498.412 123.532 488.561 125.247
488.561 125.247 480.519 119.302
715.969 59.4717 721.834 51.3723
554.035 138.664 560.74 131.245
559.462 220.436 557.149 230.164
154.509 537.495 164.137 540.197
28.7566 319.086 30.3294 309.21
34.6495 174.54 26.5579 180.416
319.009 47.0499 311.659 40.2699
690.693 203.249 680.728 202.409
717.187 323.033 727.029 324.808
604.988 540.518 605.911 550.475
192.948 551.512 199.641 558.942
362.361 86.669 372.298 87.7858
302.849 453.696 312.087 449.866
174.407 144.733 170.282 135.623
480.519 119.302 472.316 113.584
405.753 369.084 398.503 375.972
476.246 322.285 472.502 331.557
76.2142 232.865 68.7952 239.57
708.955 66.5996 701.406 60.041
535.64 432.47 538.419 442.076
54.3253 293.343 44.4145 294.675
472.502 331.557 466.858 339.812
61.6916 69.7549 64.7646 79.2711
59.503 34.2154 64.4372 25.5175
638.216 165.496 647.883 168.056
675.357 147.465 685.289 148.629
271.173 452.75 269.192 442.949
65.1941 532.532 57.0421 526.74
705.959 261.106 715.544 258.254
523.736 198.466 514.063 195.93
631.923 89.4171 637.427 81.0685
727.029 324.808 729.13 334.584
596.511 319.643 596.704 329.641
551.772 410.982 560.94 414.974
613.928 164.315 604.009 163.047
730.933 91.1851 739.975 95.4561
729.13 334.584 733.749 343.454
709.082 221.028 705.855 230.493
311.659 40.2699 306.893 31.4782
542.177 408.164 542.089 398.165
27.2061 254.219 30.8719 263.523
733.749 343.454 742.135 348.901
700.592 286.732 690.652 287.819
292.559 410.69 301.919 414.21
607.595 120.641 601.203 128.332
105.242 279.29 95.5368 276.879
579.117 370.775 588.922 368.814
589.514 67.1672 594.308 58.3911
712.037 314.461 703.288 319.304
469.21 282.088 465.404 272.84
164.07 522.883 159.54 513.968
35.3534 112.727 26.7622 117.845
77.9883 130.009 87.0671 125.816
145.297 541.385 142.207 550.896
695.748 194.62 689.176 187.083
472.316 113.584 476.176 104.359
504.627 89.6238 503.912 79.6495
714.05 292.854 720.911 285.578
603.173 530.684 608.325 522.113
742.135 348.901 737.086 357.533
52.3026 27.2761 45.0482 34.1591
119.97 149.776 111.906 143.863
503.912 79.6495 501.333 69.9875
405.753 369.084 412.352 376.598
30.3776 165.499 26.9912 156.089
709.082 221.028 718.005 216.515
605.911 550.475 615.352 553.774
156.288 218.324 163.502 211.399
578.702 521.162 569.568 525.234
588.922 368.814 598.463 365.819
560.74 131.245 556.776 122.064
178.381 297.801 169.161 301.673
718.005 216.515 727.807 218.498
171.251 154.222 179.262 160.208
30.1105 82.6574 32.6263 72.979
588.286 84.9654 584.665 94.2868
501.333 69.9875 501.2 59.9884
140.619 263.896 130.664 264.842
164.137 540.197 160.859 549.644
594.092 306.42 603.717 303.71
372.298 87.7858 380.923 92.847
404.189 350.161 414.05 348.498
501.2 59.9884 500.601 50.0064
32.2254 421.753 32.0823 411.754
311.659 40.2699 304.753 47.5023
537.479 357.898 530.712 365.26
584.665 94.2868 591.556 101.534
596.704 329.641 606.694 330.089
530.712 365.26 521.548 369.265
737.086 357.533 739.42 367.257
576.012 504.018 566.126 502.515
599.341 467.714 609.34 467.876
739.42 367.257 732.564 374.536
625.151 188.794 634.491 192.365
466.858 339.812 464.582 349.549
739.975 95.4561 748.717 90.6005
125.61 233.213 117.916 239.6
285.953 220.801 277.965 214.786
500.601 50.0064 490.612 50.4739
386.151 329.212 377.699 323.868
56.9781 306.339 64.166 313.292
164.398 429.133 163.696 439.108
605.911 550.475 603.474 560.174
412.352 376.598 413.379 386.545
500.601 50.0064 504.119 40.6458
732.564 374.536 726.893 382.773
526.32 131.674 519.976 139.404
73.9754 416.694 65.1141 412.06
302.903 169.758 294.738 175.53
104.684 339.231 105.502 329.264
739.975 95.4561 745.948 103.476
68.7952 239.57 76.6779 245.723
69.8928 450.804 60.4307 454.039
715.544 258.254 724.484 262.734
413.379 386.545 421.514 392.36
466.858 339.812 460.858 331.811
472.316 113.584 463.014 117.257
726.893 382.773 730.844 391.959
542.11 242.327 542.87 252.298
727.807 218.498 735.265 225.159
703.288 319.304 693.369 320.57
362.358 162.235 362.026 172.23
705.363 117.662 713.406 123.605
258.705 534.572 253.591 543.166
615.352 553.774 622.564 560.7
650.034 230.286 651.397 220.379
572.754 54.1363 563.78 49.7244
76.6779 245.723 71.8419 254.476
408.101 359.364 398.178 360.603
302.849 453.696 295.353 447.077
615.352 553.774 622.567 546.85
297.154 153.344 287.172 153.931
514.063 195.93 507.231 188.627
735.265 225.159 740.91 216.905
306.893 31.4782 296.949 30.4284
92.7764 378.82 83.0351 376.56
572.47 451.282 574.284 461.116
398.178 360.603 389.418 355.781
421.514 392.36 424.105 402.019
575.136 71.9673 566.549 77.0918
730.844 391.959 731.124 401.955
742.135 348.901 748.733 341.387
569.568 525.234 561.262 530.802
604.009 163.047 596.31 169.428
618.359 108.618 608.546 106.695
498.582 301.46 504.753 293.591
603.717 303.71 606.417 294.081
739.42 367.257 747.208 373.529
596.31 169.428 587.168 173.482
179.139 48.2853 182.935 39.0336
121.463 80.3695 130.844 76.9046
561.262 530.802 552.21 526.552
721.834 51.3723 721.161 41.395
721.834 51.3723 731.072 55.2009
362.026 172.23 359.88 181.997
282.848 245.588 278.989 236.363
748.733 341.387 755.455 348.791
145.297 541.385 135.359 540.272
77.6088 142.336 87.3652 140.143
605.59 225.323 615.575 225.868
207.538 301.326 204.645 291.753
424.105 402.019 421.577 411.694
304.753 47.5023 298.279 55.1241
421.577 411.694 416.681 420.414
284.86 499.359 275.144 501.722
552.21 526.552 548.44 535.814
693.369 320.57 695.659 330.304
542.87 252.298 549.697 259.605
60.5887 550.937 56.6554 560.131
731.124 401.955 737.872 409.335
513.778 443.347 515.85 453.13
526.883 408.606 519.729 401.619
95.5368 276.879 94.6804 266.916
685.289 148.629 694.995 151.037
521.548 369.265 511.56 369.737
729.13 334.584 737.684 329.403
488.561 125.247 485.851 134.873
204.645 291.753 204.097 281.769
456.406 243.793 447.764 238.761
76.6779 245.723 82.7481 253.67
258.705 534.572 268.079 538.056
724.484 262.734 732.829 268.245
364.368 62.9304 371.111 55.5456
43.5694 369.581 48.3669 378.355
142.207 550.896 141.215 560.846
463.014 117.257 456.194 109.943
501.2 59.9884 511.184 60.5558
731.124 401.955 722.313 406.685
287.172 153.931 278.173 149.569
416.681 420.414 417.463 430.383
740.91 216.905 749.426 211.663
150.349 289.142 147.401 298.698
735.265 225.159 736.354 235.1
596.704 329.641 594.97 339.489
701.406 60.041 701.754 50.0471
702.507 91.3546 711.651 95.4029
737.872 409.335 739.915 419.124
325.935 109.074 331.9 117.1
278.173 149.569 268.265 150.919
721.161 41.395 730.532 37.9022
60.4307 454.039 54.0473 461.737
32.0823 411.754 30.6794 401.853
515.85 453.13 524.775 448.619
398.503 375.972 392.894 384.251
526.883 408.606 519.117 414.905
95.6349 533.808 104.342 528.89
46.6536 353.442 37.2181 350.13
116.304 111.571 112.151 120.668
97.5911 410.14 90.3924 403.199
169.161 301.673 159.756 298.273
701.754 50.0471 693.486 44.422
118.135 503.78 114.261 512.999
520.905 271.985 529.974 276.199
524.587 224.767 516.524 218.852
563.78 49.7244 555.096 44.767
199.641 558.942 209.641 558.967
745.948 103.476 752.725 110.83
739.915 419.124 743.261 428.547
104.556 551.307 107.833 560.755
110.273 45.2575 110.208 35.2577
730.532 37.9022 740.473 38.9839
594.308 58.3911 599.376 49.7706
56.6554 560.131 48.4294 554.444
555.096 44.767 548.351 37.3841
727.807 218.498 727.991 208.5
45.0482 34.1591 35.2773 32.0307
201.177 90.0352 192.764 84.6301
421.577 411.694 431.468 413.164
743.261 428.547 746.389 438.046
49.8459 113.934 54.843 105.272
472.502 331.557 481.56 335.794
658.601 105.007 648.645 105.94
598.463 365.819 600.965 356.137
732.829 268.245 742.378 265.276
485.851 134.873 484.623 144.797
204.097 281.769 194.313 279.7
323.426 56.0215 319.695 65.2993
694.995 151.037 702.357 144.269
456.194 109.943 446.864 106.346
552.21 526.552 544.811 519.825
603.474 560.174 593.9 557.287
107.833 560.755 98.5228 564.403
182.935 39.0336 189.569 31.5515
398.059 272.841 395.558 263.159
490.612 50.4739 483.52 43.4235
515.85 453.13 517.434 463.004
417.463 430.383 417.674 440.381
693.486 44.422 692.278 34.4953
549.697 259.605 559.686 259.138
599.376 49.7706 609.209 47.9527
47.0985 492.655 38.5228 487.511
199.641 558.942 195.451 568.022
484.623 144.797 476.061 149.963
746.389 438.046 746.308 448.045
417.674 440.381 418.602 450.338
418.34 318.109 425.639 311.274
634.491 192.365 643.404 187.83
417.674 440.381 409.281 445.818
476.061 149.963 469.494 157.505
316.443 149.171 313.497 139.614
266.386 279.756 274.928 284.956
120.092 485.207 128.435 479.695
354.318 156.289 344.454 157.928
746.308 448.045 746.932 458.026
483.52 43.4235 473.548 42.6803
232.781 327.972 240.275 334.593
292.421 273.952 299.019 281.466
418.602 450.338 420.572 460.142
339.216 37.8076 347.416 32.0844
726.893 382.773 716.905 383.265
118.135 503.78 127.595 500.538
476.176 104.359 484.253 98.4642
476.061 149.963 473.372 140.332
56.6554 560.131 49.378 566.989
313.497 139.614 306.693 132.286
693.369 320.57 684.274 316.412
748.717 90.6005 758.695 89.9428
721.161 41.395 718.59 31.7313
746.932 458.026 743.016 467.227
572.754 54.1363 575.361 44.4819
315.605 244.918 306.083 247.973
377.699 323.868 372.115 315.572
392.894 384.251 391.094 394.088
273.951 343.963 273.971 353.963
98.5228 564.403 93.0161 556.056
609.209 47.9527 616.65 41.2718
424.105 402.019 433.307 398.103
110.208 35.2577 104.107 27.3344
594.308 58.3911 601.746 65.0753
90.3924 403.199 85.1678 411.726
131.689 427.57 138.387 434.995
433.307 398.103 443.24 396.949
722.313 406.685 712.32 406.311
424.592 265.71 423.893 255.734
548.44 535.814 539.766 540.79
50.7112 362.582 60.2011 365.735
187.005 484.068 196.475 480.856
746.389 438.046 756.389 438.03
217.448 496.198 217.958 506.185
447.764 238.761 443.822 229.571
446.864 106.346 445.107 116.19
148.176 49.6182 152.351 58.7049
746.932 458.026 756.061 462.108
446.864 106.346 438.572 100.756
240.275 334.593 249.822 331.615
637.427 81.0685 644.9 74.4236
376.23 148.597 370.614 140.324
30.3294 309.21 29.2471 299.269
704.923 190.642 714.611 188.166
555.096 44.767 546.811 50.3676
577.971 294.569 581.42 285.183
277.965 214.786 269.721 220.446
630.701 243.768 639.803 247.91
747.208 373.529 753.342 381.427
484.623 144.797 488.719 153.92
64.166 313.292 74.1646 313.128
637.427 81.0685 629.594 74.8523
713.406 123.605 721.417 129.589
354.318 156.289 350.22 147.167
605.59 225.323 603.214 235.036
268.265 150.919 267.34 140.962
209.641 558.967 218.535 563.538
658.601 105.007 666.618 99.03
548.44 535.814 552.752 544.836
378.35 211.206 372.111 203.391
443.822 229.571 447.579 220.304
171.716 516.438 180.803 520.613
65.1141 412.06 64.4984 402.079
498.441 228.858 498.912 218.869
749.426 211.663 758.607 215.627
54.0473 461.737 44.0693 462.399
503.912 79.6495 513.906 79.9967
714.611 188.166 724.43 186.269
539.171 211.15 543.838 202.306
371.111 55.5456 381.008 56.9767
380.285 343.569 373.724 351.116
743.016 467.227 745.383 476.943
740.473 38.9839 750.215 36.7284
420.572 460.142 422.843 469.88
756.061 462.108 765.592 459.082
268.079 538.056 278.079 538.009
510.321 334.466 515.863 342.79
752.725 110.83 761.663 115.315
48.3669 378.355 54.5728 386.197
647.883 168.056 653.122 176.573
716.905 383.265 708.042 378.634
606.417 294.081 615.939 297.134
163.502 211.399 156.009 204.776
83.0351 376.56 78.9388 385.682
297.638 537.209 294.897 546.825
522.877 241.348 513.407 238.138
43.5694 369.581 33.8714 372.02
196.475 480.856 193.544 471.296
163.696 439.108 173.498 441.09
743.261 428.547 734.398 433.179
58.8589 152.42 49.8106 156.677
695.659 330.304 686.229 333.63
348.359 90.78 343.907 81.8254
713.406 123.605 716.911 114.239
692.278 34.4953 682.562 36.863
163.489 469.429 155.27 463.732
511.56 369.737 516.624 378.36
581.42 285.183 587.89 277.558
736.354 235.1 730.271 243.037
750.215 36.7284 757.869 43.1638
198.303 312.096 203.693 320.519
498.912 218.869 493.88 210.228
593.9 557.287 587.678 565.115
86.289 492.297 90.9968 501.12
422.843 469.88 424.585 479.728
424.585 479.728 418.178 487.406
603.214 235.036 597.025 242.891
712.32 406.311 707.658 415.158
707.658 415.158 703.717 424.349
438.572 100.756 441.687 91.2537
579.117 370.775 576.338 361.169
597.025 242.891 591.354 251.128
417.92 328.1 411.782 335.995
702.357 144.269 711.594 148.099
306.693 132.286 305.429 122.366
243.273 423.443 252.842 426.345
745.383 476.943 741.038 485.95
165.666 94.3278 175.496 96.1604
208.282 73.857 212.942 65.009
741.038 485.95 731.976 481.721
694.995 151.037 694.999 161.037
616.65 41.2718 625.403 36.4352
511.184 60.5558 516.806 52.2857
372.115 315.572 373.441 305.66
287.48 346.702 289.857 356.415
690.559 89.462 682.464 83.5904
742.378 265.276 752.368 264.846
560.94 414.974 557.994 424.53
198.238 533.571 193.798 524.61
90.3924 403.199 80.835 400.257
71.1057 55.937 61.3477 53.7502
443.822 229.571 434.299 232.623
493.88 210.228 484.599 213.951
622.567 546.85 622.859 536.854
418.178 487.406 421.652 496.783
516.806 52.2857 525.953 56.3276
154.592 176.773 164.062 179.985
87.3652 140.143 96.2233 135.502
741.038 485.95 741.254 495.947
154.592 176.773 156.201 166.903
155.27 463.732 146.346 459.22
421.652 496.783 426.479 505.54
298.279 55.1241 291.956 62.8715
653.122 176.573 663.082 177.468
147.401 298.698 138.9 303.964
758.607 215.627 768.343 217.909
703.717 424.349 703.475 434.346
204.1 388.077 212.851 392.917
741.254 495.947 736.977 504.987
736.977 504.987 730 510

